exon,c.startExon,c.endExon,g.startExon,g.endExon,lengthExon,lengthIntron
1,-209,70,4927,5205,279,59939.0
2,71,652,65145,65726,582,15277.0
3,653,848,81004,81199,196,2863.0
4,849,988,84063,84202,140,9351.0
5,989,1171,93554,93736,183,63986.0
6,1172,2128,157723,158679,957,5497.0
7,2129,2676,164177,164724,548,1447.0
8,2677,2842,166172,166337,166,5091.0
9,2843,3749,171429,172335,907,2934.0
10,3750,3878,175270,175398,129,3490.0
11,3879,4005,178889,179015,127,35371.0
12,4006,*576,214387,215178,792,
